1.688163	
2.039615	
2.391043	
2.742494	
3.175102	
3.631315	
4.087551	
4.909819	
5.526531	
6.214376	
6.832585	
7.805896	
8.425624	
9.028095	
9.652857	
10.277596	
10.964014	
11.567120	
12.230091	
12.862880	
13.497029	
14.131678	
14.766349	
15.381406	
15.963401	
16.608866	
17.210590	
17.812313	
18.306372	
18.829569	
19.339297	
19.860703	
20.382109	
20.968027	
21.489728	
22.011429	
22.535669	
23.057029	
23.578390	
24.133900	
24.656417	
25.178912	
25.616667	
26.136349	
26.656032	
26.999433	
27.521814	
28.044195	
28.396009	
28.919887	
29.443741	
29.939841	
30.460249	
30.980658	
31.649070	
32.167551	
33.189116	
33.705692	
34.364603	
34.880612	
35.396621	
35.976168	
36.496077	
37.015964	
37.401746	
37.921587	
38.441451	
38.984399	
39.331973	
39.679524	
40.027098	
40.355986	
40.696485	
41.037007	
41.377506	
41.746825	
42.088594	
42.430363	
42.772132	
43.149410	
43.665193	
44.180998	
44.681882	
45.194354	
45.706825	
46.193923	
46.703560	
47.213197	
47.850635	
48.351338	
48.852018	
49.421202	
49.930952	
50.440703	
51.009864	
51.523810	
52.204898	
52.716417	
53.227937	
53.768254	
54.282313	
54.796349	
55.285261	
55.793061	
56.300862	
56.635238	
57.141882	
57.648549	
58.360567	
58.862993	
59.365442	
59.892971	
60.398503	
60.904014	
61.259138	
61.764580	
62.270045	
62.636259	
63.141474	
63.646667	
64.143265	
64.648005	
65.152744	
65.645533	
66.149932	
66.654331	
67.220340	
67.724444	
68.228571	
68.578345	
69.081497	
69.584626	
70.101655	
70.604104	
71.106553	
71.449569	
71.951746	
72.453923	
72.816145	
73.319070	
73.821995	
74.483039	
74.981995	
75.480952	
76.045782	
76.548163	
77.050522	
77.570635	
78.070930	
78.571224	
78.965828	
79.464921	
79.964014	
80.502063	
81.000748	
81.499433	
82.042789	
82.548481	
83.054172	
83.592222	
84.098503	
84.604762	
85.048844	
85.554853	
86.060862	
86.566190	
87.067891	
87.569615	
88.057596	
88.557188	
89.056780	
89.752585	
90.252562	
90.984172	
91.487279	
91.990363	
92.342041	
92.852132	
93.362200	
94.015215	
94.519342	
95.023447	
95.528639	
96.030159	
96.531678	
97.557664	
98.238231	
98.906259	
99.583719	
100.250930	
100.918163	
101.594014	
102.263855	
103.006916	
103.679093	
104.366213	
105.039977	
105.721655	
106.394807	
107.112948	
107.786213	
108.459501	
109.503175	
110.207234	
110.884875	
111.569320	
112.245646	
112.921950	
113.419864	
114.094512	
114.643968	
115.318209	
116.019637	
116.695442	
117.371247	
118.053628	
118.730385	
119.329773	
119.842517	
120.355238	
120.705850	
121.215238	
121.724626	
122.072018	
122.581633	
123.091247	
123.603243	
124.283243	
124.956576	
125.631519	
126.341066	
127.017619	
127.694172	
128.356644	
129.030952	
129.687211	
130.354535	
131.026531	
131.691338	
132.391678	
133.059297	
133.726916	
134.391156	
135.058594	
135.581156	
136.080930	
136.580703	
136.945011	
137.441587	
137.938163	
138.438277	
138.935714	
139.433152	
139.764286	
140.260454	
140.756644	
141.288594	
141.784807	
142.281043	
143.337302	
143.998095	
144.785624	
145.444966	
145.975896	
146.635397	
147.305442	
147.801610	
148.297778	
148.859320	
149.353379	
149.847438	
150.390771	
150.888118	
151.385465	
151.890975	
152.390023	
152.889093	
153.577392	
154.076372	
154.586803	
155.083787	
155.580794	
156.116168	
156.614218	
157.112268	
157.625578	
158.125283	
158.624966	
159.300612	
159.970952	
160.640227	
161.301293	
161.962381	
162.512086	
163.181769	
163.694444	
164.364150	
165.208934	
165.877528	
166.755692	
167.427642	
168.095125	
168.767370	
169.536054	
170.208118	
170.880204	
171.202630	
171.536667	
171.870726	
172.204762	
172.524762	
172.856372	
173.188005	
173.519615	
173.851224	
174.162540	
174.485488	
174.808413	
175.131338	
175.439909	
175.760091	
176.080272	
176.400431	
176.720612	
177.030340	
177.351678	
177.673016	
177.994331	
178.315669	
178.734785	
179.165510	
179.596236	
180.001927	
180.419229	
180.836531	
181.253810	
181.657755	
182.073311	
182.488866	
182.893583	